8622
8623
8624
8625
8626
8627
8628
8629
8630
8631
8632
8635
8636
8637
8643
8644
8645
8646
8647
8648
8649
8650
8651
8652
8653
8654
8655
8656
8657
8658
8659
8681
8682
8683
8684
8685
8686
8687
8688
8689
8690
8691
8692
8693
8694
8696
8697
8698
8699
8700
8704
8705
8706
8707
8708
8709
8710
8711
8712
8713
8715
8716
8717
8718
8719
8720
8721
8824
8825
8826
8827
8828
8829
8830
8831
8832
8833
8834
8835
8837
8838
8839
8840
8841
8842
8843
8844
8845
8846
8847
8848
8849
8850
8853
8854
8855
8856
8857
8858
8859
8860
8861
8862
8863
8864
8865
